38.61240264773369
9.649989575147629
3.691385641694069
2.1710495995357633
1.4216240122914314
1.014292576815933
0.7580445134080946
0.6133406951557845
0.48111118469387293
0.4052319151815027
0.34821675764396787
0.30038121878169477
0.26619332982227206
0.2430013280827552
0.22001684491988271
0.20263111661188304
0.19034994731191546
0.1795330725144595
0.1686928109265864
0.1615307090105489
0.1547083924524486
0.14976651483448222
0.14470740663819015
0.14166677213506773
0.13786603073822334
0.134902011603117
0.13349530543200672
0.13251786946784705
0.1309720061835833
0.1300851919222623
