1151.6817416679808
30.19953368326734
30.763834407132265
35.98809299371396
48.255550866693056
87.64488085286507
92.7216920989004
69.1298001632099
57.07686423088745
33.38259263694728
17.165087983162962
6.422556180990271
4.374702493427069
3.5769164765806103
2.803399894235753
2.8874071318779837
2.585318767927637
2.536702980262833
2.4625299417094775
2.3356031938854613
2.2259777640785
2.2250273932281184
2.1466491851224254
2.097901103628467
2.027372736878604
2.0223160785948573
1.8671742056202039
1.9773181282669898
1.9340915809202988
1.8070799602527594
