43.765366554260254
43.133628487586975
42.04271697998047
39.99248707294464
36.71083360910416
32.3617368042469
27.165483385324478
21.933641016483307
17.35707712173462
13.78492085635662
11.125370025634766
9.294535599648952
7.964746028184891
7.010156601667404
6.276273760944605
5.7106123343110085
5.234714210033417
4.83957938477397
4.478619687259197
4.185934526845813
3.956847373396158
3.7124921567738056
3.4880687799304724
3.289995113387704
3.1654808819293976
2.99093627743423
2.851761197671294
2.715541832149029
2.6085158605128527
2.4804838374257088
2.3573806323111057
2.275742894038558
2.190967759117484
2.10357506852597
2.032632232643664
1.993603453040123
1.8882737308740616
1.8234912045300007
1.7634505210444331
1.7179841501638293
1.6628083577379584
1.6143829189240932
1.5764378495514393
1.5198903698474169
1.4699189802631736
1.434082306921482
1.4094929471611977
1.3519032755866647
1.3209882695227861
1.295569851063192
1.2582213962450624
1.2186714704148471
1.2026968151330948
1.1812233859673142
1.1521430779248476
1.1260777646675706
1.100778124295175
1.0787192704156041
1.0616922788321972
1.0371694001369178
1.0463048671372235
1.0030469833873212
0.9876516540534794
0.9683855455368757
0.966763200238347
0.931379368994385
0.9151233388110995
0.9059010264463723
0.8910410734824836
0.8721403037197888
0.8654835922643542
0.8637947398237884
0.834653599653393
0.8245375603437424
0.812911091838032
0.8030236111953855
0.7927021784707904
0.7820298271253705
0.7779183490201831
0.7634128648787737
0.7521509858779609
0.7496033431962132
0.7389663411304355
0.7320998795330524
0.7264371449127793
0.7287279688753188
0.7101048082113266
0.7061921362765133
0.6985081387683749
0.6952230976894498
0.6882169102318585
0.6835638210177422
0.6788497059606016
0.6704973899759352
0.6766698742285371
0.6618126379325986
0.6552264913916588
0.6536144074052572
0.6472052629105747
0.6384172951802611
0.6395741146989167
0.628984731156379
0.6225424683652818
0.6214644652791321
0.6157234786078334
0.6105981036089361
0.6084456350654364
0.6042600418440998
0.6005716822110116
0.5948517438955605
0.6045272729825228
0.5864085382781923
0.5828978070057929
0.5805754880420864
0.578997268807143
0.5787029401399195
0.5729598011821508
0.5726956189610064
0.5755754651036114
0.5651963008567691
0.5649072600062937
0.560524535132572
0.5549280229024589
0.5566131174564362
0.5554955576080829
0.55027388734743
0.5499105285853148
0.5573918018490076
0.5532192378304899
0.544568716082722
0.5419631281401962
0.5390456933528185
0.5373063459992409
0.5340407015755773
0.5326225245371461
0.5310965566895902
0.5286844987422228
0.5267391707748175
0.5258495276793838
0.5225842127110809
0.5310964109376073
0.5209002122282982
0.5247633028775454
0.5180615256540477
0.5184214771725237
0.5146129373461008
0.5151169267483056
0.513170104008168
0.5109050436876714
0.5101558957248926
0.5086563797667623
0.5108485019300133
0.5100551047362387
0.5081293480470777
0.5020197152625769
0.5033599971793592
0.5015830413904041
0.5008441503159702
0.4972062800079584
0.4976216598879546
0.49616491235792637
0.4983208910562098
0.49616334470920265
0.49341314705088735
0.4915625036228448
0.49267832306213677
0.49117627111263573
0.48798770317807794
0.4882904076948762
0.49005664652213454
0.48892528377473354
0.48693918716162443
0.48547094594687223
0.48368714144453406
0.48196709458716214
0.48711753683164716
0.4807343757711351
0.48031134624034166
0.4787894394248724
0.48127497523091733
0.4768398879095912
0.47892116382718086
0.4755470531526953
0.4832011091057211
0.4737435430288315
0.47539581591263413
0.4739693214651197
0.47320047463290393
0.4732603458687663
0.4705187054350972
0.47116573085077107
0.47197251254692674
0.4707374908030033
0.477729917736724
0.4691321621648967
0.46907968912273645
0.4673987883143127
0.47007352160289884
0.4667438082396984
0.4672509834636003
0.4664632477797568
0.46806566417217255
0.4685827484354377
0.4636643221601844
0.4681228273548186
0.4673807634972036
0.46401119651272893
0.46401053527370095
0.46309128403663635
0.46281165443360806
0.46453255438245833
0.46666438155807555
0.46177743072621524
0.4619803356472403
0.45977982319891453
0.46118518547154963
0.4605217466596514
0.4577404123265296
0.45787015091627836
0.4589761255774647
0.4617928406223655
0.45874916994944215
0.457194124115631
0.4583610058762133
0.45649001467972994
0.4562961757183075
0.4572254039812833
0.4545635583344847
0.45701836119405925
0.45568251609802246
0.45547552686184645
0.453887173673138
0.4549035250674933
0.4563751101959497
0.4536610194481909
0.4524417161010206
0.46144266542978585
0.45395439653657377
0.45369750424288213
0.4510154100134969
0.4514881381765008
0.45244102785363793
0.4515290576964617
0.4514592394698411
0.45179344923235476
0.4498065048828721
0.4523300619330257
0.4511909189168364
0.45079026999883354
0.4521321482025087
0.45057578291743994
0.4549019895493984
0.45201834943145514
0.4507948085665703
0.4487900666426867
0.4506289940327406
0.44877895480021834
0.4478041680995375
0.44849016051739454
0.4493297708686441
0.44740972528234124
0.4506807972211391
0.4480531713925302
0.450659136287868
0.4469706956297159
0.4489386756904423
0.4484685310162604
0.4495636916253716
0.4478252134285867
0.44754577428102493
0.4484275593422353
0.44712841347791255
0.44865351635962725
0.4482799267861992
0.4471919590141624
0.445979148382321
0.44869355391710997
0.44680302031338215
0.4471921476069838
0.44731382047757506
0.4471701951697469
0.4481173353269696
0.446743217529729
0.44958627480082214
0.4467300132382661
0.4457165598869324
0.4460856239311397
0.4522572753485292
0.44577949796803296
0.4463814287446439
0.44764504162594676
0.4464103193022311
0.44453560234978795
0.44723144127056
0.44999427744187415
0.4460588535293937
0.4462316087447107
0.44741457467898726
0.4468352971598506
0.44637403753586113
