2096.06640942338
1260.627205449515
1815.8467035892181
569.0209488753826
17.92962205798796
29.39623361618249
56.59814520177093
42.95110282981058
32.10230700055066
18.285735904014334
19.326746327854828
18.986892635503743
23.161526691922802
14.527248518552174
16.48769955037352
15.77870469605665
11.939914314182033
9.224655810491077
8.729553269242274
5.4032230518771485
7.396886716911626
12.915703222453544
7.24243393023509
5.864602209134007
15.203503288459729
6.069264017397082
5.350255396005273
7.506967481803393
5.866076226148891
6.208398297339361
