43.05374991893768
41.86214017868042
39.87294763326645
36.775617718696594
32.27753287553787
26.669140309095383
21.097212076187134
16.478127226233482
13.209396436810493
10.926231816411018
9.305038586258888
8.104878298938274
7.179340444505215
6.475499678403139
5.976229559630156
5.607487488538027
5.211310625076294
4.821233227849007
4.547902092337608
4.261075392365456
4.002992529422045
3.730494225397706
3.541706608608365
3.3843875993043184
3.1943637244403362
3.04616860114038
2.9065644703805447
2.8090508189052343
2.640400879085064
2.551580533385277
2.425421055406332
2.338685060851276
2.218362722545862
2.1415223302319646
2.0460379254072905
1.9631998678669333
1.8886791383847594
1.827280892059207
1.7719485154375434
1.7041207943111658
1.6450727600604296
1.5844525713473558
1.5461929151788354
1.4886528234928846
1.4764872500672936
1.4064328568056226
1.3819508347660303
1.3391561293974519
1.3106343615800142
1.2779841534793377
1.2560550719499588
1.2299478608183563
1.1869554840959609
1.1620874186046422
1.1438912637531757
1.1106688529253006
1.085600288119167
1.0673535652458668
1.045553406700492
1.0310512743890285
1.0108949248678982
0.9984411406330764
0.9750419612973928
0.9604218578897417
0.9432895756326616
0.9264493999071419
0.9070697342976928
0.8916159337386489
0.876655041705817
0.8796909647062421
0.8533112686127424
0.8428842648863792
0.8316803807392716
0.8237813785672188
0.8135562390089035
0.8045455534011126
0.7963305353187025
0.7899802196770906
0.7752665663138032
0.7689543892629445
0.7572614010423422
0.7444262853823602
0.7370497020892799
0.7378832674585283
0.7187295514158905
0.7091487739235163
0.7049875264056027
0.6982786864973605
0.6888725166209042
0.6846757368184626
0.6784753296524286
0.6710916464217007
0.6687951288186014
0.6645459122955799
0.6576582579873502
0.6479571918025613
0.6461384333670139
0.6400436949916184
0.6318494449369609
0.6289425799623132
0.6205178517848253
0.6177813522517681
0.6154262144118547
0.6116067836992443
0.6053195679560304
0.6021678682882339
0.6002366147004068
0.5925030848011374
0.591676548589021
0.5842778258956969
0.5817592376843095
0.577164348680526
0.5749751175753772
0.5736939837224782
0.5683679694775492
0.5660374187864363
0.5618037274107337
0.5623834491707385
0.5572726689279079
0.5530159310437739
0.5575142642483115
0.5512510018888861
0.547654434107244
0.5445216805674136
0.5430844351649284
0.5398436940740794
0.5371710564941168
0.5363993034698069
0.5327817276120186
0.5303159728646278
0.5283642569556832
0.5278051374480128
0.5251967941876501
0.5250135243404657
0.5219660648144782
0.520148784853518
0.5210567223839462
0.5160640876274556
0.520286382175982
0.5164420800283551
0.5166935084853321
0.5121099823154509
0.5123828670475632
0.5101726497523487
0.5185067052952945
0.5093571410980076
0.5104516870342195
0.5073112060781568
0.5050253795925528
0.5026749726384878
0.49892686679959297
0.4984101909212768
0.4970110997091979
0.495656649582088
0.4948248139116913
0.49464473128318787
0.49272230453789234
0.4930313394870609
0.4910031056497246
0.4893350242637098
0.4887320422567427
0.49492032499983907
0.4919423316605389
0.48580704303458333
0.4847193150781095
0.482433682307601
0.48215316399000585
0.4812102192081511
0.4813566564116627
0.4797848127782345
0.479461120441556
0.47821868350729346
0.4750168169848621
0.4754415254574269
0.4772229893133044
0.4742862191051245
0.47685391874983907
0.4731217292137444
0.47419507009908557
0.4716121235396713
0.47755934204906225
0.46982801146805286
0.4698327397927642
0.46841883030720055
0.47212157864123583
0.46664601704105735
0.46682473667897284
0.46540254005230963
0.46503360639326274
0.4687810270115733
0.46386013040319085
0.4639786866027862
0.46249770233407617
0.4629774261265993
0.46057323226705194
0.46693441877141595
0.4610181681346148
0.45969462487846613
0.46573001937940717
0.4607839754316956
0.4626122242771089
0.45835529873147607
0.461050070123747
0.4573771972209215
0.4585743753705174
0.4582733460702002
0.45982967084273696
0.4573537167161703
0.4553909618407488
0.4548838953487575
0.45635352097451687
0.45342271821573377
0.4546269038692117
0.45330939907580614
0.4522562683559954
0.45544101810082793
0.45289147761650383
0.4513333875220269
0.45123687922023237
0.456363050499931
0.4524125929456204
0.45122141437605023
0.44976914348080754
0.45031308429315686
0.44924764591269195
0.4476184635423124
0.45101803657598794
0.4487929604947567
0.44971759570762515
0.44851222983561456
0.4495857774745673
0.4541630279272795
0.448431184515357
0.4494708529673517
0.448175415629521
0.4474399220198393
0.445159480208531
0.44571132864803076
0.4458784458693117
0.4475884165149182
0.4456040177028626
0.4461651348974556
0.4448721380904317
0.4450404215604067
0.44613520451821387
0.4461859012953937
0.4451012583449483
0.44616096350364387
0.44508556416258216
0.4456907012499869
0.4445808578748256
0.4439278286881745
0.4424072466790676
0.4449886395595968
0.4421617118641734
0.44365396862849593
0.4428356890566647
0.4428017179016024
0.4425166540313512
0.44222111301496625
0.4445582530461252
0.4436728493310511
0.44159359904006124
0.44105371716432273
0.44133532070554793
0.44059980381280184
0.44234485318884254
0.44733310444280505
0.4460482511203736
0.44251986825838685
0.4422275424003601
0.4400726407766342
0.4429084067232907
0.4398387358523905
0.43998107267543674
0.44201330095529556
0.44064604165032506
0.4406433280091733
0.4399334017653018
0.4402712732553482
0.4401340140029788
0.4394862854387611
0.4409131873399019
0.43998273462057114
0.44088703906163573
0.4382103842217475
0.4407725087366998
0.4384489911608398
0.439164582407102
0.43957755668088794
0.4411890374030918
0.4412470187526196
0.43789985100738704
0.43909870903007686
0.4403009503148496
0.43866988318040967
0.4381252739112824
0.44051561038941145
0.4388186444994062
0.438303189817816
