4.5712299138307575
3.665970093011856
3.3794094160199166
3.30685845464468
3.2147661611437797
3.182907883822918
2.739357367157936
2.7132959753274917
2.690313105285168
2.6720420226454733
2.6555808186531067
2.6374051585793494
2.6218090251088144
2.624275903403759
2.6144917994737624
2.6145398005843163
2.6042503848671914
2.599025842547417
2.5966069787740707
2.5978050962090493
2.595209777355194
2.5907734036445618
2.5850326776504517
2.582450272142887
2.581042881309986
2.5783038645982743
2.565958286821842
2.5627473846077917
2.555601938068867
2.5484998658299447
