7481.809164818609
809.3806791216666
1385.998614872421
3308.079152303995
5645.196318686008
4996.554395184852
60.01832487129377
75.51473357475425
56.02969563380634
49.18036338523257
69.57787453081983
31.39314262129325
14.886897397224832
16.00723348338215
12.74720625590362
39.585583463324156
8.868443796409395
6.619314155369068
4.177288487599583
3.5401907545776936
27.782977569590003
7.378809229659339
8.249390247603205
4.152327918896447
7.450031289210756
36.30560800485546
11.763294401212136
20.945888020156417
12.514430179119302
23.876785976427527
