44.23249793052673
43.451409578323364
42.445561170578
40.75719517469406
37.96817833185196
33.659930378198624
27.82601973414421
21.76261579990387
16.520534574985504
12.799216315150261
10.280344896018505
8.647840328514576
7.464185021817684
6.636504750698805
5.992887422442436
5.4987958408892155
5.107457414269447
4.7125692293047905
4.416120059788227
4.112884154543281
3.8519809879362583
3.62863352894783
3.42400530166924
3.2240669392049313
3.0460547655820847
2.8448094315826893
2.690169082954526
2.5264084646478295
2.4065695963799953
2.2922337222844362
2.1654380057007074
2.0405042162165046
1.9460299778729677
1.849787707440555
1.7644040863960981
1.6900547919794917
1.6189567418769002
1.5500435447320342
1.4747087145224214
1.4200191777199507
1.3544199261814356
1.3065524054691195
1.2538887411355972
1.2184493960812688
1.1637961389496922
1.1208861712366343
1.0790277514606714
1.0391295282170177
1.0341568603180349
0.9679473652504385
0.9353817673400044
0.9065398224629462
0.8795286742970347
0.8519470966421068
0.8240038151852787
0.7973313655238599
0.7763120150193572
0.749904818367213
0.7285709539428353
0.7073468258604407
0.689377757254988
0.6871650507673621
0.654350275406614
0.6332655502483249
0.6193752782419324
0.6178881889209151
0.5990391871891916
0.5732532902620733
0.560577608179301
0.54549441463314
0.5347096659243107
0.5203896453604102
0.5083177825435996
0.49902986851520836
0.48723691515624523
0.4790972238406539
0.46421510889194906
0.4555930672213435
0.4442140874452889
0.4376467503607273
0.42644522641785443
0.41600476298481226
0.4087083113845438
0.4054604321718216
0.3931829178472981
0.3863156894221902
0.37879757466726005
0.37116355705074966
0.3639696124009788
0.35918376594781876
0.35293401568196714
0.34632364625576884
0.34144063817802817
0.33751087565906346
0.32929950091056526
0.32420154637657106
0.3210651727858931
0.31353940232656896
0.30908624129369855
0.3045663293451071
0.30137866153381765
0.29598151822574437
0.29095819499343634
0.2868262605043128
0.28271258529275656
0.27851595520041883
0.2731646625325084
0.27106266655027866
0.2656916238483973
0.26522452128119767
0.26153833663556725
0.256353470380418
0.253250838490203
0.2516130777075887
0.24758395308163017
0.2437434031162411
0.2407260627951473
0.23797320865560323
0.23524365213233978
0.23139113350771368
0.230145383044146
0.22802947147283703
0.22495450149290264
0.2225341658340767
0.21947767247911543
0.21667182282544672
0.21397728438023478
0.2126386967720464
0.20974490139633417
0.20924406661652029
0.20761143090203404
0.20694053103215992
0.2027044661808759
0.2013294161297381
0.1978529921034351
0.1960836115758866
0.1935872125905007
0.19283932296093553
0.19030971941538155
0.1902130302041769
0.1870633516809903
0.18492965423502028
0.1836264500161633
0.18186848028562963
0.18241495254915208
0.17858753760810941
0.17764208430889994
0.17765190196223557
0.174030443362426
0.1725046000792645
0.17088821931974962
0.17087906517554075
0.16863635927438736
0.167639686842449
0.16624766599852592
0.16743926535127684
0.16479269781848416
0.16326050844509155
0.16103321430273354
0.16047104843892157
0.1597561911912635
0.15860632399562746
0.15694322000490502
0.15554113371763378
0.1561121450504288
0.1550410962663591
0.15478270215680823
0.151563567109406
0.15151384606724605
0.14971550914924592
0.14918553252937272
0.14973632514011115
0.14735975238727406
0.14714068081229925
0.14518492843490094
0.14421499567106366
0.143461701401975
0.14408701966749504
0.1415403545834124
0.14105497510172427
0.14077064098091796
0.14075647195568308
0.13903132092673331
0.1391740522813052
0.13845103787025437
0.13776339124888182
0.13715242518810555
0.13554509403184056
0.13543712254613638
0.13441542821237817
0.13351012190105394
0.13271862402325496
0.1325322607299313
0.1328135647927411
0.13127705830265768
0.13032900006510317
0.1302515955758281
0.12880108988611028
0.12851241300813854
0.1291152379126288
0.12844488571863621
0.1268952140235342
0.12773556384490803
0.12624965939903632
0.12556167430011556
0.12526725319912657
0.12529572687344626
0.12386559305014089
0.12403220508713275
0.12302268174244091
0.12267571210395545
0.12218606006354094
0.12273229082347825
0.12084983207751065
0.12091647880151868
0.12077609146945179
0.12053239945089445
0.11968818085733801
0.11937845026841387
0.11882779555162415
0.11836815410060808
0.11782388272695243
0.11820188106503338
0.11806322861230001
0.11724799370858818
0.1161210187128745
0.11617748881690204
0.11583675083238631
0.11574461037525907
0.1147031940636225
0.11749417625833303
0.1140833799727261
0.11410648457240313
0.11419296747772023
0.11368284263880923
0.11315549002029002
0.11367141708615236
0.11302960145985708
0.11271852962090634
0.11292378365760669
0.1122239661635831
0.11193573230411857
0.11251060804352164
0.11184421292273328
0.1107666127209086
0.11062419536756352
0.11012342286994681
0.11066111060790718
0.10965516470605507
0.10980994609417394
0.11181532073533162
0.11073497822508216
0.10891929763602093
0.10926531825680286
0.10887217539129779
0.10870628617703915
0.10852802899898961
0.10784627578686923
0.10819577914662659
0.10838354856241494
0.10829760786145926
0.10721607727464288
0.10748182988027111
0.10756652429699898
0.10697345196967945
0.10694803181104362
0.10671056958381087
0.10651723062619567
0.10652182265766896
0.10666886082617566
0.10583833372220397
0.10914296004921198
0.10796699556522071
0.10652959055732936
0.10576622298685834
0.10530967230442911
0.1059441376128234
0.10540482267970219
0.10568669019266963
0.10562830115668476
0.10501504805870354
0.10538416937924922
0.10523894312791526
0.1045502686756663
0.10490327858133242
0.10579227068228647
0.10597673512529582
0.10426776495296508
0.10503171890741214
0.10449676972348243
0.10493185609811917
0.10484198766062036
0.10507002711528912
0.10429670783923939
0.10492105261073448
0.10401076517882757
0.1040115840442013
0.10420802148291841
0.10541708671371453
0.10430132420151494
