72.1717200577259
58.33939674496651
54.74493929743767
52.90731346607208
51.705066949129105
50.84375920891762
50.22895884513855
49.75896328687668
49.44463074207306
49.17827978730202
48.963282495737076
48.77395388484001
48.610194236040115
48.48998445272446
48.37408947944641
48.26954185962677
48.194986671209335
48.15475305914879
48.08439880609512
48.0293530523777
48.00327032804489
47.95834428071976
47.93727496266365
47.94421371817589
47.91253346204758
47.86551895737648
47.83023193478584
47.80317786335945
47.77246579527855
47.74103045463562
47.711569756269455
47.696864157915115
47.69571128487587
47.686786353588104
47.694955348968506
47.70689871907234
47.704186737537384
47.69777953624725
47.71427947282791
47.70598724484444
47.69303360581398
47.69805359840393
47.70586961507797
47.6818433701992
47.68538174033165
47.679375380277634
47.66268479824066
47.66912558674812
47.67532607913017
47.684992134571075
47.669230461120605
47.692228972911835
47.696092426776886
47.697860687971115
47.7084684073925
47.702671855688095
47.69042983651161
47.68735063076019
47.694521367549896
47.67187961935997
47.66705325245857
47.65236794948578
47.66837012767792
47.66212010383606
47.66604733467102
47.6544990837574
47.6676487326622
47.68673226237297
47.68949040770531
47.689752012491226
47.69039103388786
47.68806529045105
47.678492069244385
47.67387303709984
47.67460083961487
47.6789616048336
47.66403570771217
47.65933167934418
47.670346051454544
47.66375121474266
47.64893639087677
47.6538479924202
47.663655668497086
47.6326921582222
47.622176349163055
47.616384387016296
47.62167081236839
47.62740570306778
47.61514067649841
47.606908053159714
47.60706526041031
47.61588975787163
47.613750636577606
47.62448859214783
47.63526529073715
47.62947899103165
47.63283780217171
47.6286843419075
47.61521127820015
47.64476001262665
47.646762639284134
47.633774548769
47.624704867601395
47.61650601029396
47.59558269381523
47.58198124170303
47.5524719953537
47.55950719118118
47.58270823955536
47.61019390821457
47.635102450847626
47.64739793539047
47.65168145298958
47.63327080011368
47.624982476234436
47.61256545782089
47.61688217520714
47.615125089883804
47.619654297828674
47.62106081843376
47.61484104394913
47.60769346356392
47.61215966939926
47.60815531015396
47.60524195432663
47.6012724339962
47.598083674907684
47.604968667030334
47.59195792675018
47.5758071243763
47.56871888041496
47.57067435979843
47.574816167354584
47.59086388349533
47.5915247797966
47.591419488191605
47.60959395766258
47.62830936908722
47.62239319086075
47.615816950798035
47.61584296822548
47.61687245965004
47.61575523018837
47.61519932746887
47.61336028575897
47.615847915410995
47.63421747088432
47.63525179028511
47.64095264673233
47.62387180328369
47.61904191970825
47.61355286836624
47.61192658543587
47.626105576753616
47.62506887316704
47.62496238946915
47.62855675816536
47.617349088191986
47.616992086172104
47.619789361953735
47.62903589010239
47.62460967898369
47.62259966135025
47.628675162792206
47.63739016652107
47.62758204340935
47.630067586898804
47.635020315647125
47.640397906303406
47.645159155130386
47.653262466192245
47.64685356616974
47.64825013279915
47.63903629779816
47.63616552948952
47.630012065172195
47.63418912887573
47.63221609592438
47.631356209516525
47.6372532248497
47.64512321352959
47.639809995889664
47.63844323158264
47.638327896595
47.63453549146652
47.637683749198914
47.633673042058945
47.629394233226776
47.63339772820473
47.63418039679527
47.642008662223816
47.63801792263985
47.63586291670799
47.63917422294617
47.6416412293911
47.64816555380821
47.64786699414253
47.648833870887756
47.65661069750786
47.652953773736954
47.64722257852554
47.64755201339722
47.653820902109146
47.65189117193222
47.656791895627975
47.65131571888924
47.6496025621891
47.64457914233208
47.64034062623978
47.63066279888153
47.63102740049362
47.6438664495945
47.64194792509079
47.639564484357834
47.64366564154625
47.64501655101776
47.639797657728195
47.63892838358879
47.6459638774395
47.64938333630562
47.647268295288086
47.64911612868309
47.646171659231186
47.64519044756889
47.64206635951996
47.638478606939316
47.63932627439499
47.641491919755936
47.642125338315964
47.636628687381744
47.63935250043869
47.640758872032166
47.64923840761185
47.64985805749893
47.64562791585922
47.65135943889618
47.65336647629738
47.65706717967987
47.65489348769188
47.64929246902466
47.64535281062126
47.644474387168884
47.64325764775276
47.64246517419815
47.6433202624321
47.64310213923454
47.63954317569733
47.64210179448128
47.6382269859314
47.63328728079796
47.63670712709427
47.63185063004494
47.630576103925705
47.63246127963066
47.63483926653862
47.63531348109245
47.63418862223625
47.63342124223709
47.63251614570618
47.631493896245956
47.63252317905426
47.629816114902496
47.62403321266174
47.62367033958435
47.62308678030968
47.622476518154144
47.62200245261192
47.62058600783348
47.621475875377655
47.62247318029404
47.621169090270996
47.61958736181259
47.61852338910103
47.619048207998276
47.61659708619118
47.61592981219292
47.61552485823631
47.61620423197746
47.618606835603714
47.618117958307266
47.61827099323273
47.620890498161316
47.61960983276367
47.62198585271835
47.62153145670891
47.62451505661011
47.621538788080215
47.623494893312454
47.61983007192612
47.62121790647507
47.62161573767662
47.619840294122696
47.621442288160324
47.61998078227043
47.62104347348213
47.62197062373161
47.62009260058403
47.622083723545074
47.62136575579643
47.62051159143448
