461.9740176796913
183.2716992944479
147.88361006975174
144.8402954787016
127.52302236109972
126.74626660346985
117.993771225214
113.1337286606431
111.33550945669413
110.11437106877565
108.14564813673496
106.57081287354231
107.25455997139215
106.86554608494043
106.78777057677507
105.39476324617863
103.79869388788939
102.29565294831991
101.32035135477781
102.18752089887857
101.87167802453041
101.6976807191968
103.29231058061123
100.05960563570261
99.54136357456446
99.87495575845242
99.2026584893465
98.32736022770405
97.0630811676383
99.45274794846773
95.44394805282354
96.25177824497223
96.1595777720213
94.8894909247756
92.25861655175686
92.22488777339458
93.22076377272606
94.45679379999638
90.56479132920504
90.09858502075076
89.79046912491322
88.56550309807062
89.0841446146369
89.48863351345062
88.81641916930676
88.32520741224289
89.9147494956851
88.89073204994202
87.88016115874052
88.3479076474905
88.25341417640448
86.7681869417429
86.61968256533146
86.03966967016459
87.84473862498999
85.93448518961668
84.61191376298666
83.90844547003508
85.99668651819229
84.84336347132921
84.62205966562033
85.32678466290236
83.8875231295824
84.60776545107365
84.73707872629166
86.33795070648193
85.36062151193619
86.45106930285692
87.38071684539318
84.71738959848881
83.61834231764078
83.85226054489613
84.3253213763237
82.80536488443613
83.5638839751482
82.03898757696152
81.643993742764
82.01205486059189
81.6070546656847
81.63307980448008
81.3268294557929
81.70567584782839
80.5074136480689
81.23495947569609
81.29722017794847
81.00461693108082
80.32760623842478
80.32451591640711
80.32577205449343
81.03545770049095
80.69744806736708
79.93146476894617
80.42023655772209
80.48903258144855
79.68740499764681
79.29639355838299
78.79039919003844
77.99351894110441
78.42630109190941
76.63377273082733
77.62649481743574
79.67586229741573
78.38668509572744
78.19200548529625
77.57684714347124
77.27190163731575
77.8782607614994
77.78735990077257
76.23814890906215
76.85361040383577
77.38479945063591
78.48987145721912
78.17166893929243
77.0598414838314
77.47189646959305
76.58936192840338
78.41413744539022
78.30215747654438
77.02225491404533
78.00412469357252
77.68745195120573
76.77604917436838
78.02192906290293
76.56004034727812
78.05867576226592
77.35321628302336
77.04157453030348
76.71910256892443
76.9469853118062
76.77598636969924
78.37892157584429
77.5153568610549
76.7915467992425
77.14013861119747
77.396091170609
76.41605369001627
75.98196376860142
76.06322263926268
76.40544534474611
77.15378694236279
77.18032575398684
76.76522916555405
77.40171165019274
76.58491624891758
75.86196105182171
76.29728011786938
76.00080108642578
75.82490613684058
76.26983574032784
76.00152382999659
76.16190163046122
75.15834639966488
74.63728532195091
75.8418310508132
74.6505467146635
74.61921676248312
73.86059436202049
74.00822605192661
73.53193555772305
74.48806580901146
74.8223729506135
74.276681445539
73.57461038976908
74.15261852741241
74.2100582793355
74.27468521893024
73.81268280744553
74.47610929608345
73.8533941283822
74.80138942599297
74.25930528342724
74.00105070322752
73.40363263711333
72.71802643686533
72.17946663498878
72.30627899244428
73.54646924138069
73.86270872503519
74.10888577252626
73.4082680940628
72.97637246921659
73.19178246706724
73.09416638314724
72.63034859672189
72.96840652823448
73.43058910220861
72.46096075326204
72.73713158816099
72.99422546476126
73.21646197140217
74.039659909904
73.52592843025923
73.51744763553143
72.99724318087101
72.63000537082553
73.30902546644211
73.43951209634542
73.12176559865475
73.40304226055741
72.23305481672287
73.02262222021818
73.43851118534803
72.8897517696023
72.64043649286032
72.86311424523592
72.63417283445597
72.1564424932003
72.02085315436125
71.3909412547946
71.70162346959114
71.47165175527334
71.4022080115974
71.59896319359541
71.16374387964606
70.87993017584085
71.2518859654665
71.56989061832428
71.81059618294239
71.70700787752867
72.11141911149025
71.75340649485588
71.6621910110116
71.57057983055711
70.89476418495178
71.03086730465293
70.70082008838654
71.40709483623505
70.93818295001984
70.96641306579113
70.9095419831574
70.99888151139021
70.98660600930452
70.2452989667654
70.04115597903728
70.30879089981318
70.6093299984932
70.0589437186718
70.14678648859262
69.99657810479403
70.30342714488506
69.81259858235717
70.07205557450652
70.0545615889132
69.79734363406897
69.67445065826178
69.3057664334774
68.93151517957449
68.99985801428556
69.37384686991572
69.32391972467303
69.56648261100054
69.0900990255177
69.26484589651227
69.36093309521675
69.48942325264215
69.30638661980629
69.36603750288486
69.20092356950045
69.13134445250034
69.20711275190115
69.24851942807436
69.3977546915412
69.27754994481802
69.5139465034008
69.47864435240626
69.39165726676583
69.51437352225184
69.40448964387178
69.42612414807081
69.19015702605247
68.99485692381859
68.84966642409563
68.98713909089565
69.06844386830926
68.74390144646168
68.75764015316963
68.95944014191628
68.85719167813659
68.69992370903492
68.54688953235745
68.59474374353886
68.62821351736784
68.61370662972331
68.41834089905024
68.29201021417975
68.29323743283749
68.26786509901285
68.20504470169544
68.18109880760312
68.09274695441127
68.01409701257944
68.01828377321362
67.93352471292019
67.96484979242086
67.94828902557492
67.91816558688879
67.90582682937384
67.8699161671102
67.83244374394417
67.79127187281847
