1905.1267217320003
157.41661061833162
437.72999657649984
267.153748928653
47.327191137098026
49.88946924914946
41.735737553912045
46.23262958229601
50.659651391652005
44.433007417944566
18.32855762036127
13.719897059309606
12.106075723344148
8.62599351734396
8.145378880872062
6.267843251342492
4.304452465611083
8.769680943333478
6.110275346519391
5.7281670436637455
6.803064968031752
5.130149872959521
7.259775030566196
3.014358121196811
2.4165116073620965
4.018208396312849
4.454061376456945
3.932245662842945
6.508523926247688
4.982203594744056
