4.56520331799984
3.624086907505989
3.2352104857563972
3.2972837015986443
3.0227081686258317
2.798869137465954
2.753545717895031
2.7392756298184393
2.7231308057904244
2.710541680455208
2.7039781525731086
2.685934175550938
2.675332836806774
2.6730919241905213
2.6695666506886484
2.667501737177372
2.653882494568825
2.6484790250658987
2.650232012569904
2.6501644432544706
2.6422804325819014
2.6404098317027094
2.6377164736390113
2.6367167264223097
2.6366400137543677
2.639302669465542
2.6370501324534414
2.632000796496868
2.639182761311531
2.6316703453660013
