7356.633669429517
1377.9387324651216
1657.908771605129
4900.371711150743
2385.1686238637776
234.96594657117475
58.2384786719615
59.785119850863566
49.45870248672145
39.87756354288672
78.51326589012751
43.43030599421587
24.558193308020837
21.51062833286437
23.247251401473704
69.62123558332769
26.115083894519785
10.879187274719015
9.119558916029064
7.1437505768301435
55.36475528303731
18.02886704437052
6.684767102410569
9.439361047415332
5.302741523115628
51.75569775313852
9.195563341165553
15.654558651686386
7.175680052320388
5.012677239515199
